16
64
0	1	100000
1	0	100000
1	2	100000
2	1	100000
2   3       100000
3       2       100000
0	4	100000
4	0	100000
1	5	100000
5	1	100000
2	6	100000
6	2	100000
3	7	100000
7	3	100000
4	5	100000
5	4	100000
5	6	100000
6	5	100000
6	7	100000
7	6	100000
4	8	100000
8	4	100000
5	9	100000
9	5	100000
6	10	100000
10	6	100000
7	11	100000
11	7 	100000
8	9	100000
9	8	100000
9	10	100000
10	9	100000
10	11	100000
11	10	100000
8	12	100000
12      8       100000
9	13	100000
13	9	100000
10	14	100000
14      10      100000
11      15      100000
15      11      100000
12      13      100000
13      12      100000
13      14      100000
14      13      100000
14      15      100000
15      14      100000
0       3       100000
3       0       100000
4       7       100000
7       4       100000
8       11      100000
11      8       100000
12      15      100000
15      12      100000
0       12      100000
12      0       100000
1       13      100000
13      1       100000
2       14      100000
14      2       100000
3       15      100000
15      3       100000


//
Number of Nodes
Number of Links
SourceNode  DestinationNode LinkLength (m)

